0 0.961094 0.461444 0.014813 0.031278
0 0.873055 0.542028 0.050469 0.031278
0 0.179746 0.411514 0.036898 0.030278
0 0.185363 0.350118 0.040023 0.030653
0 0.043168 0.467486 0.030633 0.037417
0 0.129391 0.504444 0.041562 0.043750
0 0.720969 0.318389 0.036047 0.019139
0 0.729223 0.345521 0.039555 0.021069
0 0.819168 0.432493 0.035227 0.035653
0 0.235273 0.303028 0.045547 0.024667
0 0.936391 0.826375 0.037359 0.048806
0 0.952273 0.745819 0.029781 0.041139
0 0.093844 0.673326 0.048469 0.042819
0 0.135703 0.807049 0.047953 0.048764
1 0.609258 0.868417 0.016016 0.030389
