0 0.959234 0.460903 0.014813 0.031278
0 0.822285 0.539340 0.044852 0.028986
0 0.222910 0.417736 0.046477 0.028889
0 0.218293 0.354486 0.035367 0.021861
0 0.052727 0.466549 0.035406 0.039625
0 0.175359 0.499861 0.041562 0.043750
0 0.682074 0.316861 0.039492 0.020694
0 0.685355 0.343236 0.045164 0.022639
0 0.777477 0.442076 0.034797 0.033319
0 0.275855 0.303917 0.037508 0.023694
0 0.840910 0.824424 0.048602 0.061847
0 0.876660 0.750056 0.049664 0.038861
0 0.160863 0.667681 0.050320 0.060528
0 0.243020 0.817931 0.056992 0.054389
1 0.528367 0.832056 0.005453 0.022556
