0 0.955016 0.463778 0.014813 0.031278
0 0.750043 0.535076 0.045805 0.034486
0 0.274230 0.420528 0.038617 0.028667
0 0.273613 0.355563 0.025539 0.020403
0 0.074020 0.464833 0.027320 0.036889
0 0.236496 0.499458 0.036617 0.041667
0 0.644074 0.322563 0.024461 0.020958
0 0.629219 0.341868 0.046094 0.022903
0 0.718176 0.448757 0.034727 0.032931
0 0.317785 0.306160 0.025352 0.019347
0 0.713879 0.830007 0.059539 0.062319
0 0.767207 0.749451 0.057242 0.044403
0 0.241867 0.675493 0.049641 0.052958
0 0.392270 0.817194 0.062320 0.073944
1 0.525844 0.796847 0.016016 0.030389
