0 0.941766 0.468264 0.016812 0.037694
0 0.662574 0.524979 0.035883 0.045875
0 0.381578 0.424722 0.041844 0.029556
0 0.365684 0.362389 0.024492 0.023361
0 0.085219 0.473597 0.018641 0.043472
0 0.342949 0.492958 0.035023 0.043528
0 0.621242 0.350951 0.021812 0.021236
0 0.552848 0.349403 0.030789 0.023583
0 0.669027 0.465063 0.037023 0.035847
0 0.389059 0.313569 0.025430 0.019556
0 0.684004 0.735118 0.030664 0.064764
0 0.390168 0.672771 0.059148 0.056375
0 0.538008 0.828875 0.023672 0.048472
1 0.436187 0.661299 0.014891 0.026764
