0 0.934664 0.468264 0.016813 0.037694
0 0.646207 0.516236 0.033180 0.040028
0 0.425711 0.424285 0.041078 0.035736
0 0.413410 0.366354 0.026977 0.019903
0 0.088125 0.471049 0.019531 0.045458
0 0.401258 0.495576 0.035047 0.038292
0 0.632977 0.359688 0.021859 0.023153
0 0.553258 0.359569 0.026141 0.028389
0 0.672852 0.469438 0.032109 0.035847
0 0.423754 0.319910 0.027883 0.022625
0 0.691242 0.712771 0.027672 0.060847
0 0.434816 0.670021 0.046086 0.063625
0 0.574645 0.819382 0.055383 0.081847
1 0.431188 0.652410 0.011813 0.021514
