0 0.933648 0.468264 0.016812 0.037694
0 0.643871 0.514986 0.032789 0.039194
0 0.432016 0.424229 0.040969 0.036625
0 0.420230 0.366917 0.027336 0.019417
0 0.088539 0.470681 0.019656 0.045750
0 0.409586 0.495944 0.035047 0.037556
0 0.634652 0.360924 0.021867 0.023431
0 0.553312 0.361021 0.025484 0.029097
0 0.673398 0.470063 0.031406 0.035847
0 0.428711 0.320819 0.028234 0.023056
0 0.692273 0.709583 0.027250 0.060278
0 0.441195 0.670132 0.044219 0.063653
0 0.580230 0.818021 0.060617 0.086625
1 0.422555 0.648049 0.011641 0.021236
