0 0.947008 0.466979 0.016016 0.035125
0 0.688031 0.529111 0.040406 0.042833
0 0.342422 0.423382 0.039000 0.028653
0 0.333309 0.359375 0.023148 0.022472
0 0.083867 0.470042 0.020516 0.040139
0 0.304535 0.495396 0.034805 0.042875
0 0.623965 0.339868 0.020195 0.020958
0 0.573430 0.342562 0.037312 0.022903
0 0.679387 0.459035 0.036523 0.034681
0 0.363605 0.310417 0.023336 0.018500
0 0.700059 0.742542 0.042289 0.057972
0 0.338992 0.677403 0.056297 0.048972
0 0.499625 0.824583 0.038141 0.059000
1 0.480453 0.736597 0.016016 0.030389
