0 0.957250 0.462083 0.014813 0.031278
0 0.786488 0.537257 0.044727 0.031125
0 0.249016 0.419528 0.044016 0.028667
0 0.245137 0.355368 0.030711 0.020403
0 0.062762 0.465722 0.032398 0.038667
0 0.205941 0.499250 0.039445 0.042861
0 0.662086 0.319160 0.033375 0.020958
0 0.657125 0.342431 0.046094 0.022889
0 0.748090 0.445854 0.034727 0.032931
0 0.297691 0.304965 0.031539 0.021736
0 0.777375 0.826632 0.054359 0.063292
0 0.822551 0.750201 0.054805 0.041014
0 0.201961 0.670486 0.050203 0.058972
0 0.317203 0.818653 0.060141 0.063306
1 0.528461 0.783556 0.016016 0.030389
