0 0.961711 0.461632 0.014813 0.031264
0 0.889977 0.542924 0.052344 0.032042
0 0.165359 0.409438 0.033703 0.030736
0 0.174387 0.348667 0.041586 0.033583
0 0.039984 0.467806 0.029031 0.036667
0 0.114070 0.505972 0.041563 0.043750
0 0.733934 0.318896 0.034898 0.018625
0 0.743844 0.346285 0.037688 0.020542
0 0.833066 0.429299 0.035367 0.036431
0 0.221746 0.302736 0.048227 0.025000
0 0.968219 0.827021 0.033609 0.044458
0 0.977477 0.744410 0.023156 0.041903
0 0.071504 0.675215 0.047852 0.036931
0 0.099930 0.803424 0.044937 0.046903
1 0.650504 0.885389 0.013977 0.030389
