0 0.956691 0.462500 0.014820 0.031278
0 0.777379 0.536715 0.044992 0.031958
0 0.255320 0.419778 0.042672 0.028667
0 0.252258 0.355410 0.029422 0.020403
0 0.065574 0.465500 0.031133 0.038222
0 0.213578 0.499306 0.038734 0.042556
0 0.657582 0.320007 0.031148 0.020958
0 0.650148 0.342285 0.046094 0.022903
0 0.740613 0.446576 0.034727 0.032931
0 0.302715 0.305264 0.029992 0.021139
0 0.761500 0.827472 0.055656 0.063056
0 0.808715 0.750014 0.055414 0.041861
0 0.211937 0.671736 0.050062 0.057472
0 0.335969 0.818285 0.060688 0.065958
1 0.527809 0.786875 0.016008 0.030389
