0 0.955578 0.463361 0.014812 0.031278
0 0.759156 0.535618 0.045531 0.033653
0 0.267930 0.420278 0.039969 0.028667
0 0.266496 0.355521 0.026836 0.020403
0 0.071203 0.465056 0.028594 0.037333
0 0.228855 0.499403 0.037320 0.041972
0 0.648578 0.321708 0.026687 0.020944
0 0.636195 0.342007 0.046094 0.022903
0 0.725652 0.448021 0.034727 0.032931
0 0.312762 0.305861 0.026898 0.019944
0 0.729754 0.829167 0.058242 0.062556
0 0.781043 0.749639 0.056633 0.043556
0 0.231891 0.674243 0.049781 0.054458
0 0.373504 0.817562 0.061773 0.071292
1 0.526500 0.793528 0.016016 0.030389
