0 0.958367 0.461236 0.014813 0.031278
0 0.804711 0.538347 0.044187 0.029444
0 0.236406 0.419028 0.046719 0.028667
0 0.230898 0.355271 0.033297 0.020403
0 0.057133 0.466167 0.034937 0.039556
0 0.190660 0.499153 0.040852 0.043444
0 0.671090 0.317458 0.037836 0.020944
0 0.671070 0.342715 0.046094 0.022903
0 0.763051 0.444396 0.034727 0.032931
0 0.287641 0.304368 0.034625 0.022931
0 0.809121 0.824944 0.051773 0.063778
0 0.850223 0.750576 0.053586 0.039319
0 0.182008 0.667986 0.050484 0.061972
0 0.279672 0.819382 0.059047 0.057986
1 0.529773 0.776903 0.016016 0.030389
