0 0.944895 0.467625 0.016414 0.036417
0 0.676469 0.527667 0.038344 0.044778
0 0.358848 0.424083 0.040477 0.028667
0 0.346090 0.360604 0.023648 0.023153
0 0.084336 0.472000 0.019516 0.041667
0 0.319578 0.493993 0.034922 0.043569
0 0.621766 0.344785 0.021000 0.020958
0 0.561809 0.342938 0.034383 0.022903
0 0.673934 0.461736 0.037117 0.035250
0 0.373852 0.311542 0.024203 0.018806
0 0.691516 0.740424 0.036688 0.061653
0 0.361391 0.676792 0.058656 0.049139
0 0.516645 0.827410 0.029523 0.051347
1 0.458828 0.701069 0.016016 0.030389
