0 0.936695 0.468264 0.016812 0.037694
0 0.650883 0.518729 0.033953 0.041708
0 0.413102 0.424417 0.041297 0.033972
0 0.399773 0.365222 0.026266 0.020889
0 0.087293 0.471771 0.019273 0.044903
0 0.384598 0.494826 0.035039 0.039792
0 0.629621 0.357187 0.021852 0.022597
0 0.553141 0.356667 0.027469 0.027028
0 0.671762 0.468188 0.033508 0.035847
0 0.413844 0.318097 0.027187 0.021750
0 0.689172 0.719153 0.028531 0.061972
0 0.422059 0.669806 0.049820 0.063556
0 0.563465 0.822090 0.044898 0.072319
1 0.436570 0.656799 0.012172 0.022042
