0 0.961398 0.461542 0.014813 0.031278
0 0.881516 0.542472 0.051406 0.031667
0 0.172551 0.410479 0.035305 0.030514
0 0.179875 0.349396 0.040813 0.032125
0 0.041578 0.467646 0.029828 0.037042
0 0.121727 0.505208 0.041562 0.043750
0 0.727449 0.318646 0.035477 0.018875
0 0.736531 0.345903 0.038625 0.020806
0 0.826117 0.430896 0.035297 0.036042
0 0.228508 0.302875 0.046891 0.024833
0 0.952305 0.826701 0.035484 0.046625
0 0.964875 0.745111 0.026469 0.041528
0 0.082676 0.674271 0.048164 0.039875
0 0.117816 0.805236 0.046445 0.047833
1 0.628691 0.878722 0.013977 0.030389
