0 0.957809 0.461653 0.014820 0.031278
0 0.795602 0.537806 0.044453 0.030278
0 0.242715 0.419278 0.045367 0.028667
0 0.238020 0.355312 0.032008 0.020403
0 0.059945 0.465944 0.033672 0.039111
0 0.198301 0.499201 0.040148 0.043153
0 0.666586 0.318306 0.035609 0.020944
0 0.664094 0.342576 0.046094 0.022903
0 0.755566 0.445125 0.034727 0.032917
0 0.292664 0.304667 0.033078 0.022333
0 0.793246 0.825785 0.053070 0.063542
0 0.836387 0.750389 0.054195 0.040167
0 0.191984 0.669236 0.050344 0.060472
0 0.298438 0.819014 0.059594 0.060639
1 0.529117 0.780236 0.016016 0.030389
