0 0.949117 0.466340 0.015609 0.033847
0 0.699590 0.530556 0.042477 0.040889
0 0.325996 0.422681 0.037523 0.028667
0 0.320531 0.358160 0.022656 0.021792
0 0.083398 0.468083 0.021516 0.038611
0 0.289492 0.496799 0.034703 0.042181
0 0.626164 0.334951 0.019391 0.020958
0 0.585055 0.342187 0.040234 0.022903
0 0.684836 0.456326 0.035922 0.034097
0 0.353355 0.309299 0.022461 0.018181
0 0.708605 0.744660 0.047883 0.054292
0 0.316594 0.678021 0.053937 0.048792
0 0.482605 0.821750 0.046742 0.066639
1 0.502070 0.772125 0.016016 0.030389
