0 0.943836 0.467944 0.016609 0.037056
0 0.670691 0.526951 0.037305 0.045736
0 0.367059 0.424431 0.041211 0.028667
0 0.352477 0.361215 0.023891 0.023514
0 0.084570 0.472979 0.019016 0.042431
0 0.327102 0.493292 0.034969 0.043917
0 0.620664 0.347250 0.021406 0.020944
0 0.555996 0.343125 0.032914 0.022889
0 0.671211 0.463090 0.037422 0.035542
0 0.378977 0.312104 0.024641 0.018958
0 0.687242 0.739368 0.033891 0.063486
0 0.372590 0.676486 0.059836 0.049222
0 0.525152 0.828819 0.025227 0.047528
1 0.448023 0.683306 0.016016 0.030389
