0 0.939734 0.468264 0.016812 0.037694
0 0.657898 0.522479 0.035109 0.044208
0 0.394188 0.424597 0.041625 0.031306
0 0.379320 0.363521 0.025203 0.022375
0 0.086051 0.472868 0.018898 0.044042
0 0.359609 0.493708 0.035031 0.042028
0 0.624594 0.353444 0.021828 0.021778
0 0.552965 0.352306 0.029461 0.024972
0 0.670121 0.466313 0.035617 0.035847
0 0.398973 0.315382 0.026133 0.020431
0 0.686070 0.728729 0.029812 0.063653
0 0.402926 0.669472 0.055414 0.063472
0 0.546699 0.826167 0.029180 0.058000
1 0.436434 0.653118 0.012711 0.022847
