0 0.960781 0.461361 0.014813 0.031278
0 0.864594 0.541583 0.049531 0.030889
0 0.186941 0.412556 0.038492 0.030056
0 0.190852 0.350847 0.039250 0.029194
0 0.044762 0.467333 0.031430 0.037778
0 0.137055 0.503681 0.041562 0.043750
0 0.714484 0.318132 0.036625 0.019403
0 0.721910 0.345139 0.040492 0.021333
0 0.812219 0.434090 0.035156 0.035264
0 0.242035 0.303174 0.044211 0.024514
0 0.920477 0.826049 0.039234 0.050986
0 0.939672 0.746521 0.033094 0.040764
0 0.105016 0.672389 0.048781 0.045778
0 0.153590 0.808861 0.049461 0.049694
1 0.590633 0.862681 0.015078 0.029083
