0 0.935680 0.468264 0.016812 0.037694
0 0.648547 0.517479 0.033563 0.040875
0 0.419406 0.424354 0.041188 0.034847
0 0.406594 0.365785 0.026625 0.020403
0 0.087707 0.471410 0.019398 0.045181
0 0.392926 0.495201 0.035039 0.039042
0 0.631301 0.358437 0.021852 0.022875
0 0.553199 0.358118 0.026805 0.027708
0 0.672305 0.468812 0.032813 0.035847
0 0.418801 0.319007 0.027539 0.022181
0 0.690207 0.715965 0.028102 0.061403
0 0.428438 0.669910 0.047953 0.063597
0 0.569055 0.820736 0.050141 0.077083
1 0.433637 0.654819 0.011992 0.021778
