0 0.953902 0.464625 0.014820 0.031278
0 0.731820 0.533979 0.046344 0.036181
0 0.286840 0.421028 0.035914 0.028667
0 0.287852 0.355660 0.022953 0.020403
0 0.079648 0.464389 0.024781 0.036000
0 0.251773 0.499563 0.035203 0.041069
0 0.635070 0.324257 0.020000 0.020958
0 0.615273 0.341576 0.046094 0.022903
0 0.703219 0.450201 0.034734 0.032931
0 0.327836 0.306757 0.022266 0.018153
0 0.682133 0.831701 0.062125 0.061819
0 0.739531 0.749076 0.058469 0.046097
0 0.261820 0.677993 0.049359 0.049958
0 0.429801 0.816465 0.063414 0.079264
1 0.524539 0.803500 0.016016 0.030389
