0 0.938727 0.468264 0.016812 0.037694
0 0.655559 0.521229 0.034727 0.043375
0 0.400492 0.424542 0.041516 0.032194
0 0.386141 0.364090 0.025563 0.021875
0 0.086465 0.472500 0.019023 0.044333
0 0.367938 0.494083 0.035031 0.041278
0 0.626270 0.354694 0.021836 0.022056
0 0.553023 0.353757 0.028797 0.025653
0 0.670668 0.466938 0.034914 0.035847
0 0.403930 0.316285 0.026484 0.020875
0 0.687105 0.725542 0.029383 0.063083
0 0.409305 0.669583 0.053547 0.063500
0 0.552289 0.824806 0.034422 0.062778
1 0.442363 0.654819 0.012539 0.022583
