0 0.959543 0.460986 0.014820 0.031278
0 0.830746 0.539792 0.045789 0.029361
0 0.215719 0.416701 0.044875 0.029125
0 0.212805 0.353764 0.036141 0.023333
0 0.051133 0.466701 0.034609 0.039264
0 0.167703 0.500625 0.041562 0.043750
0 0.688555 0.317118 0.038922 0.020431
0 0.692668 0.343618 0.044227 0.022375
0 0.784426 0.440479 0.034867 0.033708
0 0.269090 0.303771 0.038852 0.023847
0 0.856824 0.824743 0.046727 0.059681
0 0.889262 0.749354 0.046352 0.039236
0 0.149691 0.668618 0.050008 0.057569
0 0.225133 0.816111 0.055484 0.053444
1 0.538199 0.842458 0.011320 0.023861
