0 0.945949 0.467299 0.016211 0.035764
0 0.682250 0.528389 0.039375 0.043806
0 0.350633 0.423736 0.039734 0.028667
0 0.339699 0.359993 0.023398 0.022819
0 0.084102 0.471021 0.020016 0.040903
0 0.312059 0.494694 0.034867 0.043222
0 0.622863 0.342326 0.020602 0.020958
0 0.567617 0.342750 0.035844 0.022889
0 0.676660 0.460389 0.036820 0.034972
0 0.368730 0.310979 0.023773 0.018653
0 0.695789 0.741479 0.039484 0.059819
0 0.350191 0.677097 0.057477 0.049056
0 0.508137 0.826000 0.033836 0.055167
1 0.469641 0.718833 0.016016 0.030389
