0 0.950176 0.466021 0.015414 0.033208
0 0.705371 0.531271 0.043508 0.039931
0 0.317781 0.422333 0.036781 0.028667
0 0.314141 0.357549 0.022406 0.021431
0 0.083164 0.467104 0.022016 0.037847
0 0.281973 0.497507 0.034648 0.041819
0 0.627266 0.332486 0.018984 0.020944
0 0.590863 0.342007 0.041695 0.022903
0 0.687562 0.454986 0.035625 0.033806
0 0.348230 0.308736 0.022023 0.018028
0 0.712879 0.745715 0.050680 0.052458
0 0.305395 0.678326 0.052758 0.048708
0 0.474094 0.820340 0.051047 0.070458
1 0.512883 0.789889 0.016016 0.030389
