0 0.952289 0.465375 0.015016 0.031917
0 0.716930 0.532715 0.045578 0.037986
0 0.301355 0.421625 0.035305 0.028667
0 0.301359 0.356326 0.021906 0.020736
0 0.082695 0.465146 0.023016 0.036319
0 0.266930 0.498910 0.034547 0.041125
0 0.629465 0.327569 0.018180 0.020944
0 0.602488 0.341632 0.044633 0.022903
0 0.693016 0.452278 0.035031 0.033222
0 0.337984 0.307618 0.021156 0.017708
0 0.721426 0.747833 0.056273 0.048778
0 0.282996 0.678938 0.050398 0.048542
0 0.457074 0.817514 0.059664 0.078111
1 0.523227 0.810153 0.016016 0.030389
