0 0.951230 0.465694 0.015211 0.032556
0 0.711148 0.531993 0.044547 0.038958
0 0.309566 0.421979 0.036039 0.028653
0 0.307750 0.356938 0.022156 0.021097
0 0.082930 0.466125 0.022516 0.037083
0 0.274453 0.498208 0.034594 0.041472
0 0.628367 0.330028 0.018578 0.020944
0 0.596676 0.341813 0.043164 0.022903
0 0.690289 0.453632 0.035328 0.033514
0 0.343109 0.308174 0.021594 0.017875
0 0.717152 0.746771 0.053477 0.050625
0 0.294195 0.678632 0.051578 0.048625
0 0.465586 0.818931 0.055359 0.074278
1 0.523695 0.807653 0.016016 0.030389
