0 0.960164 0.461167 0.014813 0.031278
0 0.847668 0.540687 0.047664 0.030125
0 0.201328 0.414625 0.041687 0.029583
0 0.201828 0.352306 0.037703 0.026250
0 0.047945 0.467021 0.033016 0.038514
0 0.152375 0.502153 0.041562 0.043750
0 0.701520 0.317625 0.037773 0.019917
0 0.707289 0.344382 0.042359 0.021847
0 0.798320 0.437285 0.035016 0.034486
0 0.255563 0.303479 0.041531 0.024181
0 0.888648 0.825403 0.042984 0.055333
0 0.914469 0.747931 0.039719 0.040000
0 0.127352 0.670507 0.049391 0.051681
0 0.189359 0.812493 0.052469 0.051569
1 0.559492 0.856653 0.013203 0.026472
