0 0.959852 0.461083 0.014812 0.031278
0 0.839207 0.540236 0.046727 0.029750
0 0.208523 0.415667 0.043281 0.029361
0 0.207313 0.353035 0.036922 0.024792
0 0.049539 0.466861 0.033812 0.038889
0 0.160039 0.501389 0.041562 0.043750
0 0.695039 0.317368 0.038344 0.020181
0 0.699977 0.344000 0.043297 0.022111
0 0.791371 0.438882 0.034945 0.034097
0 0.262328 0.303625 0.040188 0.024028
0 0.872734 0.825069 0.044859 0.057500
0 0.901867 0.748646 0.043031 0.039625
0 0.138523 0.669563 0.049703 0.054625
0 0.207246 0.814299 0.053977 0.052514
1 0.548336 0.846931 0.012266 0.025167
