0 0.954461 0.464208 0.014813 0.031278
0 0.740934 0.534528 0.046070 0.035333
0 0.280531 0.420778 0.037266 0.028667
0 0.280734 0.355618 0.024250 0.020403
0 0.076832 0.464611 0.026055 0.036444
0 0.244133 0.499507 0.035906 0.041375
0 0.639570 0.323410 0.022234 0.020958
0 0.622250 0.341722 0.046094 0.022889
0 0.710699 0.449479 0.034727 0.032931
0 0.322813 0.306458 0.023813 0.018750
0 0.698004 0.830854 0.060836 0.062069
0 0.753371 0.749264 0.057852 0.045250
0 0.251844 0.676743 0.049500 0.051458
0 0.411035 0.816833 0.062867 0.076611
1 0.525188 0.800181 0.016016 0.030389
