0 0.940750 0.468264 0.016812 0.037694
0 0.660234 0.523729 0.035500 0.045042
0 0.387883 0.424660 0.041734 0.030431
0 0.372504 0.362958 0.024852 0.022861
0 0.085633 0.473229 0.018766 0.043764
0 0.351277 0.493333 0.035023 0.042778
0 0.622918 0.352194 0.021820 0.021500
0 0.552906 0.350847 0.030125 0.024278
0 0.669574 0.465687 0.036320 0.035847
0 0.394016 0.314472 0.025781 0.020000
0 0.685035 0.731924 0.030242 0.064208
0 0.396547 0.669361 0.057281 0.063444
0 0.542355 0.827521 0.026430 0.053236
1 0.435160 0.657049 0.013758 0.023125
